13044118
13044121
13044122
13044123
13044124
13044125
13044126
13045001
13045003
13045005
13045006
13045007
13045012
13045029
13045056
13045133
13045134
13045135
13045138
13045145
13045146
13045164
13046001
13046002
13046003
13046004
13046008
13046010
13046011
13046012
13046013
13046014
13046015
13046017
13046028
13046029
13046118
13046119
13046120
13046121
13047002
13047014
13047018
13047040
13047045
13047046
13047047
13047048
13047049
13047050
13047051
13047052
13047053
13047054
13047055
13048007
13048022
13049052
13049075
13051091
13051099
13051100
13051102
13052063
13053010
13053021
13053023
13053029
13054004
13054005
13054006
13054007
13054008
13054009
13054010
13054011
13054012
13054013
13054014
13054015
13054016
13054017
13054018
13054019
13054020
13054042
13054043
13054057
13054058
13055034
13055069
13055071
13055088
13055089
13055090
13056004
13056011
13056012
13056017
13057038
13057039
13057042
13058003
13058013
13058014
13058019
13058020
13058023
13058047
13058048
13059003
13059004
13059035
13059037
13059038
13059039
13060007
13061053
13061056
13062045
13063051
13064067
13065051
13067004
13067005
13067006
13067007
13067008
13067009
13068057
13068058
13068059
13068060
13069009
13070030
13071028
13071029
13071031
13071032
13071033
13071034
13071037
13071038
13071040
13071041
13071042
13071043
13071045
13071046
13071048
13071050
13071051
13071055
13050027
