# runid ps0 ps1  (Zilong per-run jp0_ps jp1_ps; for the promotion weights)
13047003 155.6580 2.9531
13047004 121.7350 2.3125
13047022 227.3200 4.3125
13047023 221.2330 4.2031
13047024 206.5630 3.9219
13047026 199.3160 3.7812
13047027 192.8080 3.6562
13047028 180.2140 3.4219
13047029 175.1950 3.3281
13047030 167.4270 3.1797
13047031 162.6860 3.0859
13047032 158.3910 3.0078
13047033 154.9200 2.9375
13047034 154.3590 2.9297
13047035 147.9850 2.8047
13047036 143.8360 2.7266
13047037 141.0940 2.6797
13047039 133.4300 2.5312
13047041 126.8890 2.4063
13047042 126.5400 2.3984
13047043 126.0560 2.3906
13047044 126.1180 2.3909
13047122 244.2200 4.6328
13047123 229.4070 4.3516
13047124 216.6960 4.1172
13047126 207.9390 3.9453
13048009 190.3500 3.6094
13048010 182.1340 3.4531
13048011 170.3210 3.2344
13048012 167.0210 3.1719
13048013 157.8110 2.9922
13048014 157.4760 2.9922
13048015 150.1870 2.8516
13048016 144.8370 2.7500
13048017 141.3720 2.6797
13048018 132.0640 2.5078
13048019 130.4200 2.4766
13048030 263.7170 5.0078
13048031 240.2330 4.5625
13048032 221.8210 4.2110
13048040 207.2260 3.9297
13048041 196.0360 3.7247
13048042 171.9910 3.2656
13048043 138.3970 2.8438
13048044 134.7400 2.7734
13048045 134.5170 2.7656
13048046 125.6800 2.5858
13048049 124.3980 2.5547
13048050 120.9200 2.4844
13048051 116.7180 2.3984
13048052 110.7030 2.2734
13048053 110.0080 2.2578
13048087 221.5530 4.5547
13048088 196.0850 4.0312
13048089 181.2490 3.7266
13048090 169.5470 3.4844
13048091 160.3300 3.2969
13048092 152.3508 3.1359
13048093 141.5260 2.9062
13049004 200.7970 4.1328
13049005 186.4950 3.8359
13049006 181.0646 3.7269
13049007 159.4646 3.2823
13049031 114.3290 2.3516
13049032 111.4060 2.2891
13049035 109.3750 2.2500
13049039 101.2810 2.0781
13049041 96.4655 1.9844
13049042 94.2666 1.9375
13049044 90.5464 1.8594
13049045 87.6026 1.7969
13049046 87.6256 1.7969
13049047 84.4919 1.7344
13049048 84.0712 1.7266
13049049 79.7654 1.6406
13049050 77.1187 1.5859
13049072 227.0290 4.6719
13049073 194.8060 4.0078
13049080 167.0620 3.4375
13049081 158.8990 3.2656
13049082 150.2800 3.0859
13049086 137.3430 2.8203
13049087 133.2410 2.7422
13049088 127.1490 2.6172
13049089 124.2750 2.5546
13049093 121.2890 2.4922
13049094 117.3750 2.4141
13049096 113.5230 2.3359
13049098 109.0230 2.2422
13049099 105.2260 2.1641
13049101 101.0230 2.0781
13050001 99.5323 2.0469
13050006 235.1030 4.8359
13050007 184.0850 3.7812
13050009 170.0720 3.5000
13050011 159.5308 3.2837
13050012 151.7980 3.1172
13050015 138.7570 2.8516
13050016 136.8810 2.8125
13050020 128.2510 2.6328
13050022 124.7260 2.5625
13050023 119.9850 2.4688
13050025 115.9000 2.3828
13050026 113.8920 2.3438
13050027 112.4523 2.3146
13050028 112.5930 2.3125
13050029 109.6320 2.2500
13050031 104.8040 2.1563
13050032 101.7730 2.0938
13050033 98.1191 2.0156
13050036 96.8829 1.9922
13050037 94.6234 1.9453
13050038 92.8204 1.9062
13050039 84.1585 1.7323
13050041 79.5466 1.6328
13050042 74.6250 1.5312
13050043 69.4453 1.4219
13050044 66.3522 1.3594
13050046 59.1488 1.2109
13050047 55.5076 1.1406
13050049 51.0939 1.0469
13050050 47.2094 1.0000
13051006 213.1470 4.3828
13051007 179.8820 3.6953
13051008 160.1880 3.2969
13051009 151.0690 3.1094
13051010 144.8610 2.9766
13051011 137.7270 2.8281
13051012 128.7460 2.6485
13051015 122.6410 2.5234
13051016 119.5070 2.4531
13051017 115.1890 2.3672
13051019 112.1640 2.3047
13051020 109.7180 2.2578
13051021 104.6100 2.1484
13051022 99.7889 2.0469
13051023 101.4380 2.0859
13051024 97.2819 2.0000
13051026 96.1554 1.9766
13051028 92.6583 1.9062
13051068 150.5850 3.0938
13051069 133.8900 2.7500
13051070 122.9520 2.5234
13051071 119.3900 2.4531
13051072 113.6260 2.3359
13051073 109.7420 2.2578
13051074 106.0892 2.1837
13051080 94.9462 1.9543
13051081 93.2409 1.9141
13051083 90.8899 1.8672
13051085 89.7277 1.8438
13051086 86.4919 1.7734
13051087 84.6800 1.7422
13051088 82.7964 1.7031
13051092 77.2495 1.5859
13051093 76.2737 1.5625
13051095 72.6840 1.4922
13052001 153.9530 3.1641
13052002 144.3910 2.9688
13052003 136.8670 2.8125
13052004 131.9760 2.7109
13052005 128.7350 2.6484
13052009 116.0810 2.3828
13052010 114.9070 2.3594
13052011 111.9760 2.3047
13052012 109.6170 2.2500
13052013 106.4150 2.1875
13052014 100.7820 2.0703
13052015 99.0821 2.0391
13052016 92.0938 1.8906
13052017 87.7350 1.8047
13052018 77.8039 1.5938
13052019 76.5703 1.5703
13052020 90.6326 1.8594
13052021 90.2655 1.8516
13052022 87.3001 1.7969
13052036 99.3119 2.8281
13052037 95.3980 2.7188
13052039 88.1562 2.5078
13052042 68.0314 2.1562
13052043 65.3671 2.0781
13052045 62.5311 1.9844
13052048 57.0313 1.8125
13052050 54.6719 1.7344
13052051 54.1874 1.7188
13052052 52.3281 1.6562
13052053 51.1487 1.6250
13052054 48.9365 1.5547
13052056 48.5965 1.5448
13052061 46.6241 1.4821
13052088 89.2500 2.8359
13053004 81.5705 2.5859
13053005 75.7108 2.4062
13053006 72.8984 2.3125
13053007 67.2266 2.1328
13053012 63.5862 2.0156
13053013 61.5470 1.9531
13053015 59.4061 1.8828
13053027 49.2971 1.5625
13053028 48.5077 1.5391
13054022 55.2352 1.7558
13054023 54.9997 1.7422
13054044 70.7109 2.2422
13054045 66.4767 2.1094
13054060 56.9063 1.8047
13054061 54.8909 1.7422
13054062 53.7420 1.7031
13054063 51.2735 1.6250
13054064 49.9997 1.5859
13054065 48.3437 1.5312
13054066 47.2815 1.5000
13054068 45.8359 1.4531
13054069 44.6016 1.4141
13054070 42.9689 1.3594
13054084 88.2113 2.7969
13054085 82.8437 2.6328
13055001 77.9921 2.4766
13055004 71.0389 2.2578
13055006 66.6876 2.1172
13055007 64.4063 2.0469
13055008 62.5699 1.9844
13055009 61.0233 1.9375
13055010 58.8985 1.8672
13055011 56.7813 1.8047
13055014 53.6967 1.7031
13055015 52.2945 1.6624
13055016 51.1955 1.6250
13055017 49.2342 1.5625
13055018 47.7812 1.5156
13055019 46.8905 1.4844
13055020 45.6955 1.4453
13055021 44.7656 1.4219
13055022 43.7268 1.3828
13055023 43.3442 1.3750
13055024 42.5780 1.3516
13055035 65.5857 2.0781
13055036 58.3359 1.8516
13055037 52.5547 1.6641
13055038 47.8986 1.5156
13055039 45.0546 1.4297
13055068 84.7032 2.6875
13055070 77.0330 2.4453
13055072 70.7468 2.2422
13055073 69.8280 2.2188
13055075 66.3436 2.1016
13055076 66.2346 2.1016
13055080 60.7576 1.9297
13055081 58.5235 1.8594
13055082 56.7346 1.7969
13055086 51.7578 1.6406
13055087 51.3591 1.6328
13056005 62.2970 1.9766
13056007 56.9767 1.8047
13056008 54.6096 1.7344
13056020 72.5782 2.3047
13056021 63.1797 2.0078
13056022 56.9925 1.8047
13056023 53.1406 1.6875
13056024 49.3280 1.5625
13056025 45.7962 1.4531
13056026 44.4613 1.4062
13056027 43.9608 1.3906
13056028 39.8986 1.2656
13056029 37.6015 1.1953
13056030 35.6952 1.1328
13056031 33.8750 1.0703
13056033 31.7187 1.0078
13056034 30.0936 1.0000
13056035 28.0391 1.0000
13056037 26.5312 1.0000
13056038 25.6016 1.0000
13056039 24.2969 1.0000
13057005 93.8278 2.9766
13057006 84.8202 2.6953
13057007 81.5702 2.5859
13057008 76.7268 2.4375
13057009 73.4373 2.3281
13057010 71.4375 2.2656
13057011 68.7039 2.1797
13057014 64.2891 2.0391
13057015 62.1877 1.9766
13057016 60.8046 1.9297
13057017 60.8050 1.9297
13057018 60.8046 1.9297
13057019 60.8047 1.9297
13057021 60.8045 1.9297
13057022 60.8048 1.9297
13057023 60.8046 1.9297
13057024 60.8047 1.9297
13057025 60.8049 1.9297
13057026 60.8046 1.9297
13057027 60.8050 1.9297
13057044 68.2732 2.1641
13057045 66.1877 2.1016
13057046 63.9375 2.0312
13057047 62.2269 1.9766
13057048 59.2968 1.8828
13057049 58.0310 1.8438
13057050 56.2654 1.7812
13057051 54.8204 1.7422
13057052 53.2423 1.6875
13057053 52.0234 1.6484
13057055 49.2654 1.5625
13057056 48.1954 1.5312
13057057 47.0391 1.4922
13057058 46.0938 1.4609
13058002 42.7814 1.3594
13058008 101.2340 3.2109
13058015 80.6562 2.5625
13058016 77.3671 2.4531
13058017 74.5234 2.3672
13058018 72.5856 2.3047
13058025 96.7665 2.0078
13058026 93.3052 1.9375
13058028 90.8908 1.8906
13058029 89.0862 1.8516
13058030 86.7164 1.8048
13058031 86.4769 1.7969
13058032 84.0704 1.7500
13059005 201.8350 3.8281
13059006 193.6540 4.5937
13059007 185.7820 4.4062
13059008 180.0800 4.2735
13059009 170.2900 4.0390
13059010 164.6490 3.9062
13059011 161.7640 3.8359
13059012 156.1420 3.7031
13059013 154.1270 3.6563
13059014 149.7740 3.5547
13059015 144.7830 3.4375
13059016 142.3740 3.3750
13059017 138.9220 3.2969
13059018 134.4380 3.1875
13059019 132.1330 3.1329
13059020 130.6250 3.1016
13059021 128.4130 3.0469
13059022 124.8430 2.9609
13059023 122.5900 2.9063
13059025 119.3520 2.8281
13059026 118.1720 2.8047
13059027 116.4090 2.7578
13059076 257.1410 2.9297
13059077 237.3650 2.7031
13059078 224.5760 2.5547
13059079 213.3820 2.4297
13059080 203.5930 2.3203
13059082 192.2510 2.1875
13059083 184.8590 2.1016
13059084 177.6010 2.0235
13059085 176.7110 2.0078
13059086 170.1240 1.9375
13059087 166.2760 1.8955
13060001 153.4760 1.7422
13060002 148.5790 1.6875
13060003 145.1870 1.6484
13060008 206.7940 2.3516
13060009 201.2400 2.2891
13060010 190.6150 2.1719
13060011 188.3830 2.1406
13060012 183.2320 2.0859
13061024 217.6620 2.4766
13061025 205.8820 2.3438
13061026 198.9520 2.2681
13061029 197.1810 2.2422
13061030 186.3740 2.1172
13061031 181.0780 2.0625
13061035 173.2940 1.9687
13061054 221.1710 2.5156
13061055 207.1950 2.3594
13061059 188.5000 2.1484
13061060 182.4610 2.0781
13061061 150.2040 1.7109
13062001 153.3510 1.7422
13062002 148.6130 1.6875
13062004 144.2890 1.6406
13062005 142.0620 1.6172
13062006 135.0940 1.5391
13062007 131.8430 1.5000
13062013 242.2040 2.7578
13062025 306.3350 3.4922
13062026 266.8680 3.0391
13062028 233.7420 2.6641
13062029 223.6410 2.5469
13062049 198.8200 2.0938
13062050 192.5780 2.0312
13062052 187.4815 1.9791
13062059 180.0000 1.8984
13062060 174.6940 1.8438
13062061 174.2780 1.8359
13062062 170.6950 1.7969
13062063 165.5620 1.7422
13063009 256.2190 2.7031
13063010 243.7650 2.5703
13063011 234.1930 2.4688
13063020 215.8150 2.2734
13063022 212.7040 2.2422
13063023 205.8510 2.1719
13063030 195.9300 2.0625
13063031 189.8910 2.0000
13063032 184.6880 1.9453
13063033 179.5870 1.8905
13063034 179.3318 1.8931
13063035 173.3854 1.8303
13063036 167.1790 1.7578
13063053 224.9295 2.3744
13063054 197.9554 2.0896
13063062 207.2400 2.1875
13063063 190.5330 2.0078
13063065 185.0559 1.9535
13063067 173.3940 1.8304
13063068 168.8440 1.7812
13063071 158.1768 1.6697
13063072 155.7640 1.6406
13063073 150.8270 1.5859
13063074 146.0800 1.5391
13063076 141.3430 2.2891
13064001 135.2980 2.1875
13064002 132.5320 2.1406
13064003 126.9060 2.0547
13064004 122.8530 1.9844
13064005 121.0140 1.9609
13064006 119.1870 1.9297
13064012 306.9800 4.9688
13064014 266.0213 4.3105
13064020 218.1340 3.5312
13064021 208.6400 3.3750
13064022 197.2200 3.1953
13064023 187.8360 3.0391
13064024 180.7350 2.9219
13064025 171.4716 2.7785
13064026 164.8880 2.6641
13064028 153.8610 2.4922
13064029 149.2711 2.4187
13064030 143.9410 2.3287
13064031 143.7040 2.3281
13064032 139.4690 2.2578
13064052 245.2594 3.9741
13064055 225.8064 3.6589
13064056 197.8110 3.2031
13064057 187.4750 3.0312
13064059 164.9680 2.6719
13064061 161.4600 2.6094
13064064 155.8520 2.5234
13064065 148.1870 2.3984
13064066 139.9920 2.2656
13064068 132.9060 2.1484
13064070 127.2810 2.0547
13064074 122.0400 1.9766
13064075 117.1020 1.8906
13065005 281.1670 4.5547
13065006 245.2860 3.9688
13065007 223.8680 3.6250
13065008 209.7440 3.3984
13065009 198.5470 3.2109
13065013 182.9370 2.9610
13065014 178.4000 2.8906
13065015 172.9200 2.7969
13065016 167.3500 2.7109
13065017 160.9300 2.6016
13065018 156.6972 2.5391
13065019 152.2250 2.4609
13065020 147.4394 2.3891
13065021 143.0827 2.3185
13065022 139.3670 2.2578
13065046 273.4050 4.4297
13065047 227.8740 3.6875
13065048 212.1940 3.4375
13065049 195.7560 3.1719
13065050 181.7110 2.9375
13065052 159.2010 2.5781
13065053 151.0700 2.4453
13065055 140.9400 2.2838
13065056 136.1630 2.2031
13065058 128.5610 2.0781
13065059 124.2330 2.0078
13065060 120.1250 1.9453
13066021 163.1420 2.6406
13066022 153.9680 2.4922
13066023 145.4360 2.3516
13066024 139.0700 2.2500
13066025 133.3750 2.1562
13066026 126.9540 2.0547
13066027 123.0310 1.9922
13066028 118.6800 1.9219
13066029 114.1400 1.8438
13066030 110.4210 1.7891
13066031 107.3990 1.7344
13066033 105.5940 1.7109
13066034 102.5309 1.6614
13066035 99.3586 1.6094
13066036 97.7959 1.5781
13066101 157.2696 2.5484
13066102 151.9440 2.4609
13066104 147.4540 2.3828
13066109 133.1010 2.1562
13066110 127.2500 2.0547
13067001 340.5070 5.5156
13067002 286.8810 4.6484
13067003 257.2280 4.1641
13067010 183.2420 2.9688
13067011 176.5780 2.8594
13067012 172.0530 2.7813
13067013 167.3910 2.7109
13067014 164.5080 2.6641
13067015 159.6470 2.5859
13067017 155.3430 2.5156
13068017 232.7450 3.7656
13068022 211.2820 3.4219
13068027 167.5060 2.7109
13068029 153.1640 2.4766
13068034 143.9980 2.3281
13068036 139.8980 2.2656
13068037 135.6570 2.1953
13068084 306.8030 4.9688
13068085 299.9310 4.8594
13068086 273.7000 4.4297
13068087 256.2650 4.1484
13068088 239.9060 3.8828
13068090 224.2900 3.6328
13069001 209.0170 3.3828
13069002 195.6180 3.1641
13069003 189.1590 3.0625
13069004 182.6777 2.9601
13069005 176.5010 2.8594
13069006 170.4160 2.7578
13069007 165.7670 2.6797
13069008 160.8680 2.6016
13069013 311.1940 5.0391
13069014 280.6870 4.5469
13069016 257.0720 4.1641
13069017 243.4400 3.9375
13069018 232.6410 3.7656
13069020 220.4820 3.5703
13069021 215.6010 3.4922
13069022 208.4110 3.3750
13069023 201.1867 3.2600
13069024 193.4610 3.1328
13069026 190.0050 3.0781
13069027 185.4490 3.0000
13069029 176.2950 2.8515
13069030 175.7260 2.8438
13069031 167.3490 2.7109
13069035 164.9010 2.6719
13069036 159.4780 2.5781
13069066 310.7570 5.0312
13069067 288.4140 4.6719
13069068 268.6500 4.3516
13069069 254.9640 4.1250
13069073 237.1250 3.8359
13070006 300.4380 4.8672
13070008 291.4300 4.7188
13070010 273.3930 4.4297
13070011 258.0800 4.1797
13070012 250.2280 4.0469
13070014 242.5130 3.9297
13070015 238.6200 3.8592
13070016 232.6140 3.7656
13070017 225.3970 3.6484
13070018 218.6070 3.5391
13070019 216.9800 3.5159
13070020 216.6950 3.5078
13070021 206.8050 3.3438
13070022 206.7180 3.3438
13070024 196.0240 3.1719
13070025 197.1930 3.1953
13070026 191.2010 3.0938
13070027 186.9840 3.0234
13070056 259.8140 4.2031
13070057 248.0000 4.0156
13070058 234.7780 3.7969
13070059 225.7210 3.6563
13070060 218.7990 3.5390
13070061 214.3800 3.4738
13071003 203.7980 3.2969
13071004 198.5070 3.2109
13071005 194.7880 3.1562
13071006 191.2430 3.0938
13071008 188.5720 3.0547
13071009 183.2240 2.9687
13071010 185.0300 2.9922
13071011 180.3180 2.9219
13071012 176.2260 2.8516
13071064 290.6030 4.7031
13072001 269.4720 4.3594
13072002 257.4760 4.1719
13072003 248.3340 4.0234
13072004 240.1090 3.8906
13072005 234.7420 3.7969
13072006 227.5370 3.6797
13072007 225.1330 3.6406
13072008 215.4030 3.4844
13072009 209.8280 3.3984
13072010 204.8180 3.3125
13072011 199.9790 3.2344
13072014 195.6280 3.1641
13072015 190.9820 3.0938
13072016 187.0840 3.0312
13072017 182.3580 2.9531
13072018 177.6540 2.8750
13072019 174.9080 2.8281
13072020 171.9360 2.7812
